KeyframedHandleIDT   0

AnimationSegmentsT   30

0 -1 0 0.005 10
0 1 0 0.01 20
0 -1 0 0.01 30
0 1 0 0.01 40
0 -1 0 0.01 50
0 1 0 0.01 60
0 -1 0 0.01 70
0 1 0 0.01 80
0 -1 0 0.01 90
0 1 0 0.01 100
0 -1 0 0.01 110
0 1 0 0.01 120
0 -1 0 0.01 130
0 1 0 0.01 140
0 -1 0 0.01 150
0 1 0 0.01 160
0 -1 0 0.01 170
0 1 0 0.01 180
0 -1 0 0.01 190
0 1 0 0.01 200
0 -1 0 0.01 210
0 1 0 0.01 220
0 -1 0 0.01 230
0 1 0 0.01 240
0 -1 0 0.01 250
0 1 0 0.01 260
0 -1 0 0.01 270
0 1 0 0.01 280
0 -1 0 0.01 290
0 1 0 0.005 300

KeyframedHandleIDR   0

AnimationSegmentsR   0

