KeyframedHandleIDT   0

AnimationSegmentsT   6

0 0 1 0 500
0 0 -1 0.005 510
0 0 1 0.01 520
0 0 -1 0.01 530
0 0 1 0.01 540
0 0 -1 0.01 550
0 0 1 0.01 560
0 0 -1 0.01 570
0 0 1 0.01 580
0 0 -1 0.01 590
0 0 1 0.01 600
0 0 -1 0.01 610
0 0 1 0.01 620
0 0 -1 0.01 630
0 0 1 0.01 640
0 0 -1 0.01 650
0 0 1 0.01 660
0 0 -1 0.01 670
0 0 1 0.01 680
0 0 -1 0.01 690
0 0 1 0.01 700
0 0 -1 0.01 710
0 0 1 0.01 720
0 0 -1 0.01 730
0 0 1 0.01 740
0 0 -1 0.01 750
0 0 1 0.01 760
0 0 -1 0.01 770
0 0 1 0.01 780
0 0 -1 0.01 790
0 0 1 0.005 800

KeyframedHandleIDR   0

AnimationSegmentsR   0

